2.727508
2.805376
2.916877
2.583459
3.013670
3.055101
2.883805
2.997705
3.150643
2.766078
2.835421
2.746901
2.936333
2.824647
3.097178
3.172251
2.867917
3.068415
3.133211
2.869776
2.839232
2.848456
2.813822
2.852862
2.754643
2.776641
2.988936
3.095981
2.898426
2.899726
2.949736
3.032207
3.153478
2.766681
2.889357
2.951738
2.881544
2.946614
2.967666
2.784528
3.000633
2.801025
2.945333
2.846217
3.182096
2.906931
2.890346
2.663761
2.854114
2.878422
2.980196
2.866374
3.024245
2.824491
3.056070
3.022930
2.942728
2.954393
2.805867
2.733161
2.844548
2.980789
2.865679
2.867545
2.904607
3.056358
2.843004
2.917764
2.843374
2.958236
2.821839
2.866650
2.927882
2.962900
2.918233
2.923231
2.998785
2.814554
2.954199
3.024013
2.997602
2.787362
2.929455
2.834914
2.712484
2.861445
2.951179
2.949252
2.971884
3.146674
2.829569
3.071014
2.865537
2.802440
2.946474
2.880165
2.875821
2.768463
3.060490
2.774005
3.065378
2.985946
3.288726
2.900760
3.138342
2.872734
2.994965
2.798839
2.774842
3.047157
2.965938
3.122546
2.871744
2.762987
2.942954
2.834166
3.040680
2.951875
3.089338
3.022570
3.030584
2.842864
2.956096
2.932896
2.836852
3.039344
2.872683
2.912909
2.902780
3.014920
2.920245
2.979596
2.965682
2.941138
2.843271
2.986593
2.937716
2.667380
2.856287
2.686586
2.978223
2.827132
3.166755
2.847762
2.947657
2.935267
3.009909
2.807410
2.862363
2.994354
2.843104
2.896165
2.885257
2.878572
3.033048
2.998536
2.933625
2.827698
2.913965
3.047230
2.814372
2.971739
2.879795
2.870939
3.019054
2.947861
2.855875
2.739998
3.142198
2.859120
3.143591
3.045607
2.757116
2.895336
2.993878
3.000934
2.931227
2.698974
2.854312
2.946470
3.076347
2.736639
2.930541
3.004653
2.813961
2.739435
3.121072
2.986576
3.026280
2.854085
2.829850
3.010424
2.883730
2.959802
2.956134
2.925353
2.963238
2.847632
2.763656
2.822480
2.814999
2.970563
2.721961
2.981032
3.016305
2.835795
3.036257
2.980203
2.905403
3.071847
2.965613
2.822166
2.942763
2.969771
3.082325
2.834780
2.850495
2.905512
3.033967
2.881411
2.701283
2.868013
3.126003
2.970975
2.881615
2.893633
2.757309
3.135810
2.990622
2.934171
2.905181
3.072254
2.980250
2.926765
2.848396
3.187569
2.920731
2.773424
2.831496
3.044901
2.945720
3.057467
3.110545
2.958343
2.795452
3.003076
2.946014
3.071914
3.067231
3.039221
2.979152
2.881547
2.977523
2.760086
3.014508
2.663179
2.842880
2.968414
2.912703
2.922658
3.028930
2.974405
2.803610
2.791677
3.021126
3.090981
2.989253
3.088465
3.074933
2.848232
2.852804
2.891168
2.879827
2.928198
2.967432
2.710421
2.771855
2.953060
2.761372
2.886492
2.914289
2.843570
2.922483
2.850902
2.828926
2.889719
3.082239
3.185794
2.748139
3.025341
2.864576
3.044977
2.810456
2.868648
2.863275
2.973865
2.973684
3.000107
2.765359
2.961408
2.998519
2.768467
3.025361
2.824432
3.159368
3.111924
2.764903
2.896425
3.102056
2.895560
2.994863
2.923851
3.070237
2.855886
2.979913
2.902473
3.039781
2.798135
2.954227
2.930729
2.942606
2.769244
2.855589
2.766951
2.985812
2.771146
3.048001
2.785012
2.888068
3.067960
2.855439
3.094326
2.945460
2.851160
2.815996
2.853354
2.958611
2.882235
2.839861
2.861954
2.760619
2.905838
2.838013
2.976281
3.001950
2.894068
2.804374
2.976884
2.865141
2.760468
3.076160
2.984574
2.879821
2.830056
3.002809
2.984913
3.100379
2.983686
2.808810
2.945568
2.898517
2.911305
2.726390
2.979439
2.889769
2.949762
3.114662
2.870791
2.970818
2.883482
3.042499
2.959004
2.981299
2.939498
2.970068
2.953426
2.879478
2.986328
2.916235
2.799628
2.894410
3.045795
3.129802
2.782881
2.724467
3.011817
2.922831
2.788154
2.861852
2.949816
3.162582
2.756927
3.021033
2.852857
2.805608
2.806343
2.820833
3.092884
2.757050
2.817445
2.909993
2.914401
3.047939
3.058376
2.938378
2.905455
3.022378
3.009955
3.073284
2.632188
2.910676
2.945156
2.920805
2.738461
2.932577
3.070088
2.934109
2.906065
2.868085
2.828328
2.969165
2.872392
2.893119
2.927204
3.092234
2.707610
2.758496
3.169074
2.762311
2.789680
2.835526
2.726968
3.001088
2.910482
2.962513
2.760266
2.918880
2.870487
2.850808
2.760186
3.095672
3.215074
2.960108
2.798036
2.893370
3.011237
2.966972
2.749235
2.870816
2.791063
2.831485
2.885430
2.909681
2.961476
2.918651
2.952266
2.773011
2.901090
3.152283
3.074837
3.060498
3.024134
3.062257
2.804174
3.015358
2.920880
3.052380
3.211746
2.880123
2.757185
2.876728
3.019972
3.037321
3.049559
3.055835
2.822168
3.161568
3.142453
3.027869
2.784478
3.113079
2.951398
2.917155
3.128160
2.857579
3.123865
2.923989
2.983562
2.773907
2.876763
2.832462
3.037679
2.785493
3.038199
2.968275
3.007265
2.859369
3.021569
2.868903
2.716738
2.900911
2.908203
2.812378
2.883210
2.956571
2.812494
2.803243
3.099665
2.895009
2.977803
2.947296
3.061995
2.918002
3.017622
3.020167
2.852907
2.723984
2.904912
2.886852
2.906871
2.887617
2.827725
2.817305
2.802955
2.845448
2.986770
2.966812
2.802268
2.855407
2.816027
3.036048
2.806884
2.986249
2.828298
3.038295
2.988877
3.144697
3.011705
3.055025
2.771573
2.900134
3.044946
2.840727
2.859902
3.153745
2.815802
2.878435
2.990430
3.098879
3.091170
2.934861
3.119612
2.973808
3.062219
2.896418
2.970219
3.004162
2.945170
2.840992
2.901954
2.872143
2.988856
2.771155
3.037180
2.875844
2.996665
2.930758
2.804825
2.908066
2.979321
2.889756
3.166550
2.872093
3.055884
2.993962
3.035219
2.943603
3.001424
2.894735
2.873723
2.775739
2.588823
3.079733
2.766910
2.828544
3.032732
3.151400
3.014600
3.039853
2.854156
2.940852
2.809763
2.916383
2.723720
3.271419
2.924735
2.843005
2.856502
2.821115
3.111759
3.130635
2.959305
3.020836
2.873629
2.854446
3.063997
3.042526
2.966909
2.980705
2.914787
2.776984
2.861584
2.927130
2.682934
3.154800
2.843916
2.954805
2.645681
2.776327
2.903029
2.885313
2.944298
2.780514
3.032548
3.033921
2.741123
2.872854
3.042906
2.912067
3.091184
2.925124
3.095325
2.969444
2.830090
2.958489
3.062641
3.129923
2.713428
2.915512
2.917600
2.859077
2.742251
2.913784
3.041567
2.858965
2.712844
2.934602
2.839482
3.054770
2.934928
3.155080
2.880524
2.973171
3.023510
2.944881
2.969932
2.842725
2.919942
3.050753
3.033219
2.829700
2.833625
2.858641
2.851589
3.007100
2.741485
2.825071
2.793090
2.882890
2.753917
2.975993
3.062349
3.191239
2.917155
2.787091
2.870299
3.140243
2.974583
3.069456
2.774586
2.960565
3.013473
2.950766
3.048616
2.847007
2.759402
3.083460
2.768014
3.076415
2.859080
2.870801
2.644745
2.738023
3.012687
2.758545
2.742604
2.787684
2.863151
2.872102
3.057362
2.809479
2.942681
2.885306
2.922845
2.904372
2.862106
2.902548
3.003779
2.829034
2.889267
2.784709
3.036845
2.751444
2.894727
2.982628
3.041453
3.169408
2.704582
2.992976
2.919307
2.963855
2.956281
2.839763
2.927019
2.962231
2.759989
2.997024
3.026277
2.900811
3.068041
2.867453
2.912617
2.880576
2.916503
2.860692
2.823707
3.100415
2.851615
2.874356
2.943264
2.789141
2.835305
2.911835
3.110118
3.005262
3.036851
2.821554
3.044571
2.996978
2.987868
3.022122
3.086160
2.893851
3.141737
3.011186
2.833645
2.916313
3.028084
2.819512
2.815107
2.968965
2.834971
2.957914
2.940467
2.967530
3.175917
2.955953
2.693942
3.017154
3.175431
3.131400
2.911231
2.881985
3.055558
2.846916
2.830890
3.043336
2.911163
2.832690
2.801976
2.838879
2.904708
2.994908
3.156340
3.104215
2.884627
3.052728
2.876024
2.980708
3.016860
2.868750
3.052838
3.093669
3.028797
2.820886
2.913216
2.716027
2.892440
2.972560
2.796070
2.821233
2.832461
3.014300
3.067482
2.830678
3.062863
2.848327
3.000480
2.839232
3.075392
3.062277
3.051213
2.955176
3.172333
3.024107
2.809107
2.898987
3.046757
2.858833
2.903876
2.665346
2.700050
2.926303
2.848574
2.770014
2.729639
2.874106
2.986977
2.883856
2.718880
2.983018
3.079605
2.918502
2.839379
2.941844
2.805056
2.935358
3.185621
2.897749
2.989459
2.988494
2.822227
2.944352
3.075265
2.953211
3.034341
3.033271
2.791285
3.042924
2.999649
3.105060
2.733333
2.850445
2.899307
2.714268
2.705070
2.901928
3.164434
2.937454
2.867888
2.938001
2.956775
2.980775
2.844240
3.012690
2.904086
2.970788
2.875469
2.853430
2.981537
2.849070
2.772039
3.018664
2.918777
2.851430
2.804338
2.911130
2.948006
2.667701
3.014337
3.103490
3.035061
2.881585
2.903551
2.910189
2.953925
2.924905
3.045518
2.850651
2.713031
2.952053
3.014495
2.837885
2.849156
2.918276
3.126720
2.910220
2.806940
2.997463
3.191870
3.069818
2.911090
3.086571
2.936395
3.105121
3.110313
2.946192
2.956281
2.974292
2.987411
2.996280
2.953999
2.920522
3.110977
2.975938
2.795757
3.124325
2.905649
2.931847
3.038036
2.814568
2.907491
2.993426
2.916626
2.983738
2.861783
3.265423
2.784725
2.974624
2.869977
2.712319
2.889609
2.759166
2.926600
3.101572
2.982290
3.150156
2.880864
3.230648
3.037326
2.771470
2.895247
2.909636
3.058488
2.994654
3.013253
3.167203
2.844880
2.968811
3.176155
3.286130
2.899506
2.887208
2.949373
3.041730
3.102622
2.833102
2.891809
3.218861
3.056625
2.933285
2.884543
2.825217
2.950988
2.870862
2.696206
3.131525
2.910914
2.892170
2.884714
2.732810
2.830757
3.049218
2.820852
2.756443
2.762779
2.925547
2.917512
2.974298
3.064935
2.981635
2.962043
2.973564
2.731864
2.870798
2.963489
2.965711
2.916948
2.893448
2.881035
2.736951
3.167738
2.885330
2.755185
2.953060
3.047299
3.234507
3.205045
2.929187
2.566594
