3.365289
3.332850
3.128908
3.579381
3.406688
3.243882
3.549315
3.343914
3.578043
3.378819
2.995418
3.116861
3.475829
3.394431
3.614916
3.410630
3.347815
3.053489
3.372177
3.246097
3.519767
3.294460
3.557770
3.446946
3.339740
3.274994
3.409837
3.626864
3.529376
3.583004
3.399328
3.371832
3.111982
3.477912
3.169445
3.387276
3.276966
3.580812
3.612892
3.518266
3.504476
3.310704
3.705659
3.410187
3.613004
3.368164
3.526361
3.470067
3.340242
3.475841
3.470851
3.593864
3.519102
3.378847
3.315107
3.397125
3.457867
3.392878
3.390951
3.448967
3.321548
3.234322
3.432911
3.711167
3.442154
3.444946
3.383258
3.125998
3.477885
3.383383
3.421742
3.468321
3.223031
3.213061
3.494320
3.421605
3.444109
3.127439
3.556602
3.283184
3.641535
3.387151
3.360650
3.472539
3.187854
3.533485
3.388471
3.452220
3.558086
3.555959
3.612327
3.514808
3.526262
3.511542
3.646676
3.341943
3.665524
3.759495
3.436007
3.339330
3.528780
3.342159
3.362346
3.339115
3.518824
3.422594
3.226059
3.516836
3.234414
3.626120
3.419298
3.299335
3.271203
3.499614
3.162965
3.246853
3.352458
3.392380
3.370473
3.275342
3.455829
3.699834
3.415202
3.415168
3.942224
3.292633
3.557718
3.322658
3.206079
3.704377
3.323251
3.302391
3.334712
3.691725
3.286602
3.347738
3.562046
3.083386
3.450481
3.596505
3.666597
3.487676
3.281924
3.563574
3.235746
3.649690
3.280973
3.427815
3.101180
3.614946
3.621782
3.494784
3.238690
3.233993
3.380917
3.422618
3.252075
3.472045
3.160132
3.485997
3.522105
3.310062
3.367298
3.524815
3.537728
3.313550
3.549512
3.634989
3.231592
3.608972
3.545908
3.456358
3.679751
3.146281
3.477834
3.300626
3.242889
3.417761
3.488292
3.348009
3.119218
3.448685
3.314021
3.574843
3.248653
3.372900
3.643348
3.308922
3.636914
3.482577
3.543969
3.376566
3.234565
3.109561
3.451030
3.558509
3.486905
3.587519
3.298908
3.390344
3.324636
3.456264
3.350680
3.396495
3.340033
3.356896
3.667395
3.148069
3.410963
3.369657
3.314050
3.490588
3.396149
3.540957
3.421463
3.362711
3.606021
3.338162
3.671826
3.368295
3.329639
3.558829
3.692009
3.320937
3.533398
3.457193
3.264093
3.545245
3.560317
3.380112
3.552566
3.558875
3.411664
3.599853
3.611357
3.356014
3.276596
3.453366
3.436268
3.339687
3.734690
3.237793
3.336359
3.640823
3.296320
3.349410
3.354392
3.306751
3.582300
3.569594
3.482556
3.282046
3.538638
3.396503
3.406206
3.573154
3.539354
3.372981
3.449348
3.444612
3.374954
3.147822
3.333331
3.246530
3.373057
3.451412
3.673989
3.541821
3.221964
3.173579
3.395942
3.461241
3.235517
3.627434
3.331937
3.481800
3.599772
3.292955
3.284635
3.430055
3.510486
3.346377
3.487265
3.432662
3.523005
3.209766
3.195196
3.415133
3.376356
3.271759
3.363049
3.539159
3.554409
3.484505
3.447966
3.166038
3.689821
3.411078
3.401395
3.644301
3.656585
3.598476
3.302943
3.371386
3.570503
3.462053
3.497263
3.299975
3.448874
3.425284
3.712258
3.633379
3.729176
3.626012
3.407896
3.594420
3.250484
3.408430
3.210427
3.622353
3.366377
3.322157
3.517949
3.433445
3.481989
3.468138
3.208069
3.395925
3.727983
3.628107
3.466292
3.077544
3.193750
3.283022
3.338343
3.476781
3.431158
3.431317
3.334407
3.221344
3.706691
3.345582
3.340680
3.417048
3.404087
3.387196
3.441551
3.430961
3.609118
3.519489
3.285688
3.380952
3.242702
3.300500
3.455444
3.788916
3.641678
3.529299
3.464289
3.635517
3.868503
3.535312
3.417106
3.426704
3.452491
3.432229
3.384737
3.413054
3.682121
3.421784
3.414246
3.760141
3.604011
3.283626
3.488213
3.399947
3.567235
3.537220
3.331292
3.520547
3.451230
3.553635
3.259208
3.465642
3.075382
3.523900
3.550868
3.512480
3.350792
3.191715
3.373825
3.298061
3.285558
3.260713
3.334693
3.249646
3.459961
3.535205
3.439384
3.449358
3.651238
3.240871
3.551277
3.664947
3.545834
3.536991
3.318616
3.436601
3.520325
3.801298
3.408032
3.442574
3.305623
3.376916
3.315315
3.497953
3.513983
3.476453
3.433907
3.321536
3.511976
3.309554
3.391433
3.360117
3.410764
3.331493
3.436680
3.420300
3.342252
3.440852
3.498711
3.451066
3.401613
3.458331
3.467921
3.381793
3.426212
3.417680
3.583719
3.509254
3.569538
3.207788
3.257419
3.447073
3.130110
3.334327
3.360020
3.150140
3.354111
3.370431
3.689143
3.465014
3.337083
3.452037
3.563253
3.510770
3.001567
3.447046
3.371568
3.389877
3.385833
3.820528
3.244774
3.294403
3.443415
3.499821
3.602766
3.684230
3.453048
3.509313
3.484216
3.323539
3.228359
3.506017
3.263871
3.497758
3.360870
3.472284
3.391517
3.587368
3.241008
3.526523
3.513456
3.295565
3.677303
3.459121
3.222886
3.347466
3.477180
3.112700
3.443603
3.399873
3.603418
3.392401
3.331424
3.325473
3.385205
3.346492
3.625515
3.346460
3.284166
3.361853
3.677844
3.336561
3.530854
3.219305
3.456392
3.235777
3.464068
3.237829
3.539722
3.340827
3.229371
3.385313
3.315187
3.448294
3.797296
3.310862
3.208177
3.688710
3.514365
3.534891
3.249621
3.213410
3.289344
3.451591
3.638536
3.447221
3.342462
3.358562
3.242640
3.620092
3.441660
3.365299
3.621749
3.199029
3.325975
3.454095
3.521377
3.876971
3.472840
3.366819
3.400318
3.341252
3.507988
3.563633
3.493320
3.553372
3.627564
3.610136
3.737942
3.388424
3.443811
3.366417
3.440849
3.112558
3.371135
3.130573
3.582325
3.609405
3.676230
3.488380
3.435235
3.281363
3.504749
3.272661
3.348332
3.268014
3.502864
3.496041
3.316952
3.264428
3.437979
3.461396
3.333583
3.488788
3.281907
3.425383
3.534855
3.628243
3.464169
3.313122
3.212627
3.598962
3.638874
3.453489
3.523738
3.715501
3.428644
3.524675
3.503081
3.536871
3.444793
3.300563
3.553967
3.668695
3.533302
3.408749
3.300531
3.355661
3.303392
3.347569
3.379030
3.621990
3.478232
3.510834
3.313909
3.271251
3.775289
3.482584
3.733104
3.467038
3.342832
3.175233
3.095533
3.024493
3.525977
3.050862
3.661877
3.341444
3.386056
3.212570
3.398133
3.694260
3.691924
3.396518
3.359407
3.756016
3.682682
3.676163
3.706587
3.426718
3.440201
3.504213
3.468756
3.422844
3.402188
3.671316
3.331985
3.441384
3.440207
3.275939
2.998236
3.505225
3.310381
3.408972
3.698895
3.441930
3.318630
3.392475
3.386945
3.303364
3.727563
3.624806
3.613961
3.612881
3.233472
3.223700
3.350948
3.775281
3.321016
3.323490
3.319590
3.491340
3.277918
3.566120
3.413468
3.584495
3.336394
3.311705
3.603167
3.342479
3.300916
3.171199
3.350618
3.356235
3.264828
3.179012
3.310974
3.310608
3.473999
3.263325
3.147147
3.551861
3.698925
3.389831
3.479477
3.547935
3.390340
3.443451
3.350833
3.520388
3.741220
3.432861
3.123860
3.414287
3.266306
3.544487
3.274498
3.170577
3.544169
3.430995
3.680191
3.416750
3.440646
3.550516
3.613319
3.256028
3.216466
3.326017
3.606829
3.291058
3.263338
3.375458
3.615557
3.399037
3.279658
3.472579
3.263860
3.466261
3.657090
3.356990
3.398799
3.463860
3.351879
3.437502
3.348156
3.514785
3.505726
3.393464
3.573033
3.548915
3.248329
3.594501
3.423148
3.466256
3.432799
3.193851
3.436509
3.344993
3.494011
3.363386
3.567878
3.271137
3.549057
3.487189
3.346560
3.221720
3.347956
3.646205
3.673997
3.507396
3.701076
3.375876
3.257916
3.327816
3.502869
3.644611
3.458398
3.405832
3.355251
3.310144
3.524825
3.425888
3.601313
3.346059
3.467700
3.182374
3.452313
3.516818
3.461126
3.507190
3.514343
3.332998
3.443754
3.502088
3.648852
3.546580
3.324952
3.166939
3.623372
3.403117
3.409237
3.338877
3.301571
3.268295
3.291610
3.312254
3.489475
3.451535
3.573056
3.496532
3.529271
3.448610
3.614009
3.528389
3.483308
3.470788
3.441207
3.314389
3.558461
3.356079
3.405780
3.442725
3.248003
3.599458
3.263938
3.409212
3.592967
3.394636
3.363789
3.480055
3.528453
3.435859
3.540863
3.670136
3.198463
3.304951
3.303792
3.340214
3.473459
3.766710
3.419476
3.708915
3.688464
3.461835
3.342597
3.563372
3.322629
3.357845
3.422924
3.409450
3.301600
3.395178
3.244298
3.297894
3.204464
3.357358
3.641293
3.361368
3.535405
3.636486
3.362092
3.345153
3.501659
3.360501
3.162544
3.667624
3.624528
3.176558
3.650010
3.204152
3.485677
3.423667
3.634943
3.434687
3.213371
3.268072
3.306245
3.317254
3.320381
3.372880
3.342755
3.339940
3.436959
3.181105
3.469165
3.519489
3.379230
3.579677
3.437574
3.616489
3.490408
3.687638
3.642400
3.492804
3.663271
3.254894
3.508964
3.517409
3.715276
3.387621
3.292236
3.374710
3.314681
3.537539
3.478852
3.440359
3.379230
3.575433
3.200105
3.201512
3.384882
3.631950
3.846884
3.673834
3.318851
3.131341
3.274452
3.474247
3.434214
3.230905
3.172849
3.363018
3.430333
3.355818
3.451758
3.371498
3.453338
3.466422
3.274334
3.953493
3.858568
3.507695
3.374678
3.323226
3.629480
3.492078
3.244192
3.913608
3.244593
3.262756
3.360551
3.518426
3.304342
3.584843
3.633104
3.485452
3.593541
3.494545
3.677698
3.686932
3.425991
3.439408
3.411784
3.615089
3.038170
3.366137
3.597769
3.286409
3.518926
3.505229
3.549039
3.262581
3.614733
3.371868
3.698242
3.512041
3.713827
3.468129
3.316488
3.507928
3.513759
3.244449
3.551361
3.457582
3.382864
3.371684
3.400332
3.829350
3.353309
3.292090
3.313053
3.539319
3.378369
3.384046
3.068220
3.681069
3.507123
3.463729
3.305473
3.276185
3.568619
3.324323
3.171712
3.816885
3.173583
3.392662
3.440376
3.519726
3.256626
3.439332
3.332909
3.571606
3.446111
3.582863
3.617467
3.216632
3.419288
3.636818
3.333932
3.761481
3.196753
3.584147
3.196379
3.461672
3.261117
3.370946
3.461023
3.326242
