3.580663
3.501566
3.579934
3.398933
3.360572
3.572707
3.047742
3.320234
3.323841
3.370938
3.282401
3.561085
3.519856
3.489479
3.177756
3.443995
3.043048
3.582683
3.373440
3.344056
3.481502
3.667593
3.196189
3.388366
3.637547
3.420925
3.730858
3.581639
3.607483
3.605179
3.651355
3.611423
3.455714
3.478985
3.297383
3.554830
3.613993
3.448719
3.485547
3.518989
3.443602
3.297862
3.123810
3.648521
3.476220
3.567460
3.475092
3.539119
3.430353
3.422187
3.266555
3.610274
3.693658
3.208168
3.453123
3.305182
3.460038
3.532119
3.124599
3.557821
3.810129
3.750534
3.464160
3.506862
3.445766
3.558804
3.546376
3.518018
3.191651
3.241825
3.631545
3.424281
3.397507
3.181803
3.084172
3.545670
3.278426
3.416483
3.601044
3.333435
3.337979
3.413553
3.527484
3.380970
3.824753
3.311255
3.323118
3.544484
3.306554
3.577749
3.464197
3.210161
3.590797
3.463612
3.583474
3.369764
3.397946
3.527452
3.468895
3.403578
3.430684
3.479988
3.195620
3.353514
3.450668
3.377153
3.452459
3.625040
3.602809
3.370408
3.220080
3.429682
3.527874
3.294149
3.278543
3.511881
3.572115
3.545077
3.635346
3.204184
3.635273
3.449507
3.136111
3.412993
3.439160
3.607759
3.159864
3.185705
3.240725
3.552519
3.492975
3.209593
3.564711
3.560229
3.402722
3.223246
3.250108
3.301020
3.611794
3.370687
3.510514
3.518881
3.421618
3.521255
3.428116
3.567500
3.286022
3.595855
3.375403
3.615161
3.553754
3.188719
3.490142
3.140019
3.572597
3.712203
3.501169
3.632382
3.623209
3.276595
3.562745
3.358147
3.520456
3.189500
3.602692
3.461965
3.354468
3.188348
3.055628
3.284022
3.294738
3.610050
3.278619
3.622594
3.596426
3.372250
3.496573
3.539086
3.224272
3.366906
3.201906
3.112032
3.488741
3.286613
3.814762
3.468977
3.271371
3.644561
3.381832
3.433838
3.454521
3.471569
3.797156
3.316769
3.476733
3.538453
3.200609
3.309643
3.267724
3.506188
3.302904
3.312118
3.611761
3.509862
3.281765
3.294424
3.453399
3.378018
3.348410
3.656568
3.387425
3.313239
3.283577
3.494075
3.342722
3.981664
3.519909
3.398891
3.514910
3.435365
3.581154
3.449192
3.392844
3.380128
3.480398
3.292369
3.382247
3.322184
3.532896
3.296759
3.753048
3.495407
3.633639
3.251659
3.573101
3.484338
3.266617
3.586513
3.198731
3.237217
3.545507
3.285043
3.407022
3.400464
3.422869
3.491972
3.277572
3.233532
3.535551
3.389446
3.830427
3.504205
3.370205
3.548029
3.663985
3.699330
3.459927
3.181021
3.456635
3.277759
3.603622
3.639969
3.296313
3.313229
3.326710
3.567821
3.289822
3.428902
3.463346
3.440190
3.585595
3.324551
3.375590
3.178627
3.862261
3.664948
3.375605
3.434683
3.597057
3.492305
3.565359
3.622560
3.650128
3.703469
3.338037
3.348758
3.486537
3.383822
3.647091
3.586021
3.385523
3.222956
3.367342
3.407361
3.442858
3.441740
3.129180
3.691984
3.540943
3.310144
3.454836
3.382212
3.481664
3.439597
3.435456
3.413251
3.531351
3.550205
3.381303
3.316541
3.533995
3.608767
3.914862
3.504807
3.516771
3.287979
3.301092
3.705318
3.492220
3.751419
3.447759
3.339292
3.666978
3.400723
3.465663
3.495235
3.531331
3.108224
3.407567
3.403630
3.216072
3.318708
3.403277
3.180760
3.344463
3.433711
3.121032
3.504941
3.395930
3.535485
3.403341
3.320890
3.533669
3.385176
3.285426
3.499737
3.295660
3.374278
3.642730
3.139358
3.526556
3.615069
3.397507
3.317657
3.150664
3.159243
3.333030
3.399477
3.192133
3.554816
3.435549
3.390553
3.459447
3.587850
3.241030
3.423759
3.400233
3.312322
3.600864
3.360071
3.540905
3.386200
3.465005
3.494776
3.415313
3.137408
3.317642
3.367842
3.499221
3.514777
3.610140
3.573587
3.700865
3.267515
3.452335
3.557275
3.419092
3.343511
3.349934
3.483764
3.436053
3.594759
3.638129
3.556935
3.160327
3.596680
3.461530
3.628100
3.347061
3.553864
4.074450
3.226275
3.593498
3.577422
3.278330
3.651546
3.359389
3.241224
3.553329
3.342652
3.519162
3.542587
3.483401
2.996724
3.248905
3.598301
3.463882
3.261686
3.752854
3.012518
3.191707
3.255977
3.305683
3.502422
3.456144
3.441519
3.326643
3.207573
3.436053
3.616776
3.259638
3.823020
3.662350
3.520901
3.412337
3.407047
3.633081
3.355312
3.283237
3.115619
3.349397
3.544811
3.553211
3.214828
3.387612
3.521168
3.542434
3.587405
3.257027
3.530149
3.285413
3.382730
3.515695
3.314675
3.493388
3.592810
3.404573
3.271758
3.554324
3.470666
3.405037
3.241607
3.693460
3.623544
3.215990
3.451441
3.407377
3.596828
3.360039
3.291021
3.593007
3.379495
3.527288
3.433291
3.573739
3.301537
3.466193
3.376669
3.272263
3.626968
3.256508
3.262917
3.411967
3.318388
3.445757
3.350764
3.405245
3.413456
3.188720
3.480455
3.404659
3.326867
3.354743
3.498701
3.340353
3.350014
3.434654
3.161696
3.367417
3.394983
3.633554
3.500806
3.413985
3.336959
3.495021
3.380314
3.241794
3.708227
3.343343
3.243545
3.317821
3.342291
3.331835
3.269031
3.389806
3.401376
3.471468
3.635856
3.519032
3.243088
3.665990
3.316342
3.338447
3.278371
3.430961
3.791400
3.601967
3.381359
3.607135
3.673290
3.500587
3.574590
3.347991
3.219628
3.506827
3.390876
3.253258
3.570486
3.241652
3.737305
3.303910
3.426416
3.231709
3.381816
3.767600
3.411167
3.552489
3.355065
3.409384
3.523016
3.366843
3.556885
3.344895
3.615816
3.550800
3.572011
3.417916
3.360946
3.282710
3.789258
3.599184
3.795135
3.400746
3.061244
3.612573
3.713322
3.679048
3.634037
3.479718
3.454630
3.365634
3.234399
3.313702
3.420889
3.436639
3.076761
3.388772
3.233404
3.376450
3.528296
3.607728
3.288714
3.226619
3.079133
3.286858
3.501965
3.342242
3.464811
3.393716
3.558263
3.371409
3.502103
3.367912
3.344953
3.532659
3.395004
3.818373
3.388046
3.331810
3.605506
3.001170
3.170107
3.433305
3.508536
3.485285
3.055327
3.568434
3.239247
3.540050
3.577960
3.308623
3.549447
3.490849
3.532292
3.439682
3.302525
3.361284
3.306428
3.436532
3.346621
3.210356
3.348060
3.232994
3.302012
3.444763
3.077167
3.313101
3.218925
3.478699
3.454860
3.403209
3.484262
3.444743
3.451906
3.452807
3.376646
3.265586
3.265299
3.611374
3.191552
3.297919
3.429862
3.311342
3.508319
3.591179
3.563142
3.642169
3.506287
3.360497
3.529053
3.593656
3.688805
3.363291
3.365209
3.213880
3.215844
3.647659
3.433419
3.466547
3.454123
3.506624
3.416689
3.295665
3.530180
3.346669
3.403844
3.361339
3.456509
3.155749
3.466724
3.428145
3.304660
3.532710
3.360302
3.438737
3.585350
3.549709
3.360021
3.340790
3.494774
3.103862
3.194936
3.246135
3.306508
3.618593
3.497710
3.152172
3.427043
3.298282
3.370757
3.284905
3.365917
3.206705
3.239891
3.527245
3.572465
3.321555
3.544423
3.457107
3.534413
3.174858
3.537752
3.322275
3.316153
3.530239
3.085782
3.251985
3.647608
3.321166
3.439472
3.516254
3.214186
3.538903
3.366992
3.373128
3.532359
3.959686
3.585557
3.438083
3.090327
3.403051
3.563379
3.495679
3.707698
3.681215
3.414848
3.530975
3.386414
3.415841
3.431630
3.538322
3.424925
3.337439
3.682095
3.490157
3.588114
3.543719
3.266760
3.265912
3.497017
3.185052
3.458267
3.241860
3.344206
3.285674
3.342326
3.245229
3.474158
3.548131
3.488297
3.563789
3.403440
3.264349
3.360642
3.418549
3.488615
3.158188
3.395672
3.264414
3.403664
3.744055
3.671555
3.288280
3.639167
3.594959
3.335469
3.425735
3.416112
3.448205
3.249790
3.869503
3.346771
3.618455
3.540633
3.320193
3.183837
3.421754
3.617504
3.378077
3.244123
3.455330
3.267371
3.245281
3.326235
3.326713
3.490147
3.621137
3.788138
3.371025
3.392839
3.424417
3.361205
3.492135
3.507625
3.362311
3.405969
3.288242
3.437198
3.360647
3.353240
3.336074
3.574400
3.580842
3.545318
3.648271
3.081386
3.513383
3.348146
3.311430
3.463285
3.324733
3.825314
3.754477
3.282606
3.530379
3.432220
3.302755
3.121191
3.259140
3.318265
3.621461
3.404926
3.297444
3.356592
3.476057
3.442660
3.389963
3.620130
3.332182
3.484314
3.616835
3.517470
3.481035
3.459728
3.162740
3.729470
3.504912
3.467539
3.612882
3.467715
3.472070
3.453292
3.450792
3.624666
3.359815
3.210355
3.248337
3.508738
3.489115
3.172214
3.402416
3.308462
3.270487
3.413618
3.481079
3.476130
3.378564
3.588844
3.645757
3.411400
3.357597
3.534939
3.270171
3.445614
3.662110
3.726816
3.403561
3.211512
3.323092
3.730141
3.363762
3.338718
3.644725
3.380832
3.029347
3.356426
3.317645
3.565791
3.592663
3.298166
3.206771
3.233412
3.239387
3.674970
3.463561
3.448216
3.424533
3.359869
3.581565
3.432187
3.461467
3.359742
3.433600
3.239100
3.393332
3.770445
3.464725
3.308685
3.555600
3.600355
3.474935
3.765916
3.380532
3.323481
3.250903
3.193246
3.536506
3.097690
3.397689
3.327542
3.476331
3.511859
3.492653
3.474517
3.416319
3.370763
3.394567
3.213851
3.310961
3.356623
3.295637
3.226723
3.396946
3.176241
3.450244
3.206887
3.326825
3.651403
3.423728
3.523120
3.225534
3.362585
3.391594
3.648329
3.421304
3.404137
2.960044
3.437875
3.762212
3.479941
3.547907
3.435300
3.680520
3.420688
3.425593
3.398710
3.390418
3.854751
3.422250
3.470190
3.544656
3.393430
3.409901
3.420293
3.233345
3.904037
3.241746
3.468024
3.514374
3.597645
3.545332
3.805490
3.405638
3.669986
3.294201
3.755987
3.426408
3.472366
3.606824
3.530162
3.076614
3.284519
3.392638
3.675908
3.578787
3.411689
3.314714
3.667393
3.226238
3.412604
3.514554
3.558949
3.632550
3.575165
3.390298
3.308141
3.370491
3.260618
3.231338
3.454729
3.454448
3.504159
3.368275
3.325360
3.398893
3.344151
3.323402
3.531305
3.188742
3.455439
